2739.42516545
2112.37891003
2054.0681426
2026.59248226
2007.70865227
1993.68110686
1981.83044623
1970.61693953
1961.79902307
1953.81500606
1946.52680459
1940.54970573
1935.385816
1930.69749169
1926.88789803
1923.51995139
1920.51921087
1917.82767647
1915.7325674
1913.68804534
1911.66557805
1909.65474654
1907.80217187
1906.28646634
1904.8314638
1903.42327638
1901.87436009
1900.36791952
1898.8959276
1897.41560031
1896.22999225
1895.07092657
1893.97365423
1892.90009359
1891.78716949
1890.60483421
1889.40493852
1888.15467093
1886.84036583
1885.49210177
1884.12674428
1882.7818349
1881.39612567
1879.90153624
1878.27232271
1876.61856924
1875.03496237
1873.36285648
1871.77987084
1870.33208875
1869.06786925
1867.76796832
1866.41360581
1865.0717211
1863.79795278
1862.59492812
1861.42341447
1860.28145063
1859.1717288
1858.14079054
1857.26721361
1856.4231847
1855.68947524
1855.10649775
1854.60533904
1854.04727405
1853.41577886
1852.72706638
1852.14453453
1851.6678373
1851.19640692
1850.76588559
1850.40011791
1850.12124047
1849.83059682
1849.44311516
1849.02997925
1848.56697911
1848.11410293
1847.57592687
1847.01093904
1846.37762912
1845.74671049
1845.11046805
1844.47173206
1843.78372454
1843.1046491
1842.52011567
1841.99764622
1841.55941761
1841.1067158
1840.609996
1840.18417059
1839.85052839
1839.50163723
1839.10150829
1838.66739756
1838.23997353
1837.79308826
1837.38446007
1836.94998352
1836.54644946
1836.15950598
1835.74287022
1835.32116079
1834.87097576
1834.45772987
1833.99519508
1833.46049221
1832.89312676
1832.33927811
1831.83614477
1831.35380009
1830.83613283
1830.31271137
1829.78217195
1829.24316342
1828.68509924
1828.0862917
1827.4476857
1826.78887121
1826.15201174
1825.57597012
1825.01873261
1824.46202962
1823.99828735
1823.60307605
1823.24615731
1822.91516462
1822.59232238
1822.25362008
1821.85741674
1821.47137517
1821.0424593
1820.57576864
1820.11579233
1819.65083698
1819.15644501
1818.6460447
1818.11725727
1817.58707078
1817.07133961
1816.60018376
1816.14079538
1815.70493122
1815.35187121
1815.06250731
1814.80028024
1814.53249318
1814.2421203
1813.98493258
1813.75453499
1813.5222729
1813.29437949
1813.06825367
1812.84206477
1812.59453523
1812.3525496
1812.10091052
1811.80756122
1811.50620459
1811.20136361
1810.89416474
1810.59030195
1810.25464527
1809.92099271
1809.59686126
1809.28135274
1808.94290085
1808.56653998
1808.20405658
1807.84562032
1807.56840877
1807.29398239
1807.00552043
1806.7540801
1806.54345626
1806.3239314
1806.08828431
1805.80729005
1805.51644236
1805.20453298
1804.93100347
1804.66546827
1804.3680673
1804.08549436
1803.80393504
1803.49824081
1803.18625891
1802.83448908
1802.53388072
1802.26534349
1802.02592346
1801.80250889
1801.60689922
1801.48013812
1801.37601705
1801.28338048
1801.21377838
1801.16861
1801.10656141
1801.03316169
1800.9492375
1800.84626425
1800.71914434
1800.58287522
1800.44784731
1800.29556607
1800.15672323
1800.00112954
1799.85693705
1799.71019439
1799.57542677
1799.47337071
1799.3675497
1799.27158462
1799.16814638
1799.05918217
1798.94805696
1798.82331151
1798.68969262
1798.53701764
1798.36687221
1798.17610296
1797.98767507
1797.81678346
1797.66262517
1797.49242117
1797.33882447
1797.20759553
1797.07852607
1796.94613241
1796.80081456
1796.65365366
1796.49484364
1796.33437724
1796.18872716
1796.03670676
1795.88985832
1795.74452889
1795.60342593
1795.47692326
1795.38206026
1795.32248633
1795.25482829
1795.17485484
1795.08106744
1794.98808279
1794.89743033
1794.81567549
1794.74563993
1794.69014043
1794.64970994
1794.61292041
1794.57500162
1794.53811678
1794.49101558
1794.43729655
1794.37916774
1794.3150488
1794.24478518
1794.16893163
1794.09711908
1794.02080099
1793.93424283
1793.85202624
1793.76209053
1793.66657365
1793.58167032
1793.52866458
1793.48937288
1793.4462683
1793.39683801
1793.35413602
1793.32192825
1793.29376234
1793.29321486
1793.26880133
1793.24433749
1793.19936446
1793.14560129
1793.08567892
1793.00444602
1792.92031892
1792.83185152
1792.74813459
1792.66150134
1792.56617717
1792.46568764
1792.37673523
1792.2816636
1792.18528954
1792.08032427
1791.98308123
1791.87025464
1791.74270759
1791.63029311
1791.55749662
1791.48107613
1791.40997443
1791.35914166
1791.30312958
1791.26265232
1791.22407906
1791.17143736
1791.12065441
1791.07961142
1791.0449975
1791.01958364
1790.99344523
1790.96366554
1790.94013704
1790.9035463
1790.85495761
1790.81527011
1790.76994825
1790.72641978
1790.70388644
1790.68524878
1790.670113
1790.65171723
1790.62811941
1790.60022164
1790.57359691
1790.54840798
1790.52906524
1790.50413998
1790.47690232
1790.45204476
1790.42893759
1790.40301225
1790.37192613
1790.33655399
1790.30796233
1790.2868009
1790.26326951
1790.23328014
1790.1993729
1790.15939648
1790.11553787
1790.07180831
1790.0258435
1789.97965795
1789.92911891
1789.87374471
1789.82840322
1789.79046851
1789.74837233
1789.70704834
1789.67126931
1789.63272483
1789.60676833
1789.58476166
1789.56243857
1789.53684414
1789.51839791
1789.50536725
1789.48919111
1789.46749
1789.44501208
1789.42266072
1789.396801
1789.37355087
1789.3496994
1789.3255826
1789.29439183
1789.2679707
1789.24287361
1789.21850787
1789.18794725
1789.15460954
1789.12250748
1789.0877394
1789.04808445
1789.00642004
1788.97411094
1788.94228755
1788.91133469
1788.87924114
1788.84552055
1788.81075247
1788.77670479
1788.73909742
1788.70308942
1788.6730825
1788.63958035
1788.61441531
1788.58998367
1788.57413198
1788.55908636
1788.54934863
1788.53626309
1788.51838917
1788.49539323
1788.47236179
1788.45723729
1788.44766493
1788.44227874
1788.45005715
